# zone void0 void1
0 0 0
1 1 1
2 2 2
3 3 3
4 4 4
5 5 5
6 6 6
7 7 7
8 8 8
9 9 9
10 10 10
11 11 11
12 12 12
13 13 13
14 14 14
15 15 15
16 16 16
17 17 17
18 18 18
19 19 19
20 20 20
21 21 21
22 22 22
23 23 23
24 24 24
25 25 25
26 26 26
27 27 27
28 28 28
29 29 29
30 30 30
31 31 31
32 32 32
33 33 33
34 34 34
35 35 35
36 36 36
37 37 37
38 38 38
39 39 39
40 40 40
41 41 41
42 42 42
43 43 43
44 44 44
45 45 45
46 46 46
47 47 47
48 48 48
49 49 49
50 50 50
51 51 51
52 52 52
53 53 53
54 54 54
55 55 55
56 56 56
57 57 57
58 58 58
59 59 59
60 60 60
61 61 61
62 62 62
63 63 63
64 64 64
65 65 65
66 66 66
67 67 67
68 68 68
69 69 69
70 70 70
71 71 71
72 72 72
73 73 73
74 74 74
75 75 75
76 76 76
77 77 77
78 78 78
79 79 79
80 80 80
81 81 81
82 82 82
83 83 83
84 84 84
85 85 85
86 86 86
87 87 87
88 88 88
89 89 89
90 90 90
91 91 91
92 92 92
93 93 93
94 94 94
95 95 95
96 96 96
97 97 97
98 98 98
99 99 99
100 100 100
101 101 101
102 102 102
103 103 103
104 104 104
105 105 105
106 106 106
107 107 107
108 108 108
109 109 109
110 110 110
111 111 111
112 112 112
113 113 113
114 114 114
115 115 115
116 116 116
117 117 117
118 118 118
119 119 119
120 120 120
121 121 121
122 122 122
123 123 123
124 124 124
125 125 125
126 126 126
127 127 127
128 128 128
129 129 129
130 130 130
131 131 131
132 132 132
133 133 133
134 134 134
135 135 135
136 136 136
137 137 137
138 138 138
139 139 139
140 140 140
141 141 141
142 142 142
143 143 143
144 144 144
145 145 145
146 146 146
147 147 147
148 148 148
149 149 149
150 150 150
151 151 151
152 152 152
153 153 153
154 154 154
155 155 155
156 156 156
157 157 157
158 158 158
159 159 159
160 160 160
161 161 161
162 162 162
163 163 163
164 164 164
165 165 165
166 166 166
167 167 167
168 168 168
169 169 169
170 170 170
171 171 171
172 172 172
173 173 173
174 174 174
175 175 175
176 176 176
177 177 177
178 178 178
179 179 179
180 180 180
181 181 181
182 182 182
183 183 183
184 184 184
185 185 185
186 186 186
187 187 187
188 188 188
189 189 189
190 190 190
191 191 191
192 192 192
193 193 193
194 194 194
195 195 195
196 196 196
197 197 197
198 198 198
199 199 199
200 200 200
201 201 201
202 202 202
203 203 203
204 204 204
205 205 205
206 206 206
207 207 207
208 208 208
209 209 209
210 210 210
211 211 211
212 212 212
213 213 213
214 214 214
215 215 215
216 216 216
217 217 217
218 218 218
219 219 219
220 220 220
221 221 221
222 222 222
223 223 223
224 224 224
225 225 225
226 226 226
227 227 227
228 228 228
229 229 229
230 230 230
231 231 231
232 232 232
233 233 233
234 234 234
235 235 235
236 236 236
237 237 237
238 238 238
239 239 239
240 240 240
241 241 241
242 242 242
243 243 243
244 244 244
245 245 245
246 246 246
247 247 247
248 248 248
249 249 249
250 250 250
251 251 251
252 252 252
253 253 253
254 254 254
255 255 255
256 256 256
257 257 257
258 258 258
259 259 259
260 260 260
261 261 261
262 262 262
263 263 263
264 264 264
265 265 265
266 266 266
267 267 267
268 268 268
269 269 269
270 270 270
271 271 271
272 272 272
273 273 273
274 274 274
275 275 275
276 276 276
277 277 277
278 278 278
279 279 279
280 280 280
281 281 281
282 282 282
283 283 283
284 284 284
285 285 285
286 286 286
287 287 287
288 288 288
289 289 289
290 290 290
291 291 291
292 292 292
293 293 293
294 294 294
295 295 295
296 296 296
297 297 297
298 298 298
299 299 299
300 300 300
301 301 301
302 302 302
303 303 303
304 304 304
305 305 305
306 306 306
307 307 307
308 308 308
309 309 309
310 310 310
311 311 311
312 312 312
313 313 313
314 314 314
315 315 315
316 316 316
317 317 317
318 318 318
319 319 319
320 320 320
321 321 321
322 322 322
323 323 323
324 324 324
325 325 325
326 326 326
327 327 327
328 328 328
329 329 329
330 330 330
331 331 331
332 332 332
333 333 333
334 334 334
335 335 335
336 336 336
337 337 337
338 338 338
339 339 339
340 340 340
341 341 341
342 342 342
343 343 343
344 344 344
345 345 345
346 -1 -1
347 346 346
348 347 347
349 348 348
350 349 349
351 350 350
352 351 351
353 352 352
354 353 353
355 354 354
356 355 355
357 356 356
358 357 357
359 358 358
360 359 359
361 -1 -1
362 360 360
363 361 361
364 362 362
365 363 363
366 364 364
367 365 365
368 366 366
369 367 367
370 368 368
371 369 369
372 370 370
373 371 371
374 372 372
375 373 373
376 374 374
377 375 375
378 376 376
379 377 377
380 378 378
381 379 379
382 380 380
383 381 381
384 382 382
385 383 383
386 384 384
387 385 385
388 386 386
389 387 387
390 388 388
391 389 389
392 390 390
393 391 391
394 392 392
395 393 393
396 394 394
397 395 395
398 396 396
399 397 397
400 398 398
401 399 399
402 400 400
403 401 401
404 402 402
405 403 403
406 404 404
407 405 405
408 406 406
409 407 407
410 408 408
411 409 409
412 410 410
413 411 411
414 412 412
415 413 413
416 414 414
417 415 415
418 416 416
419 417 417
420 418 418
421 419 419
422 420 420
423 421 421
424 422 422
425 423 423
426 424 424
427 425 425
428 426 426
429 -1 -1
430 427 427
431 -1 -1
432 428 428
433 429 429
434 430 430
435 431 431
436 432 432
437 433 433
438 434 434
439 435 435
440 436 436
441 437 437
442 438 438
443 439 439
444 440 440
445 441 441
446 442 442
447 443 443
448 444 444
449 445 445
450 446 446
451 447 447
452 448 448
453 449 449
454 450 450
455 451 451
456 452 452
457 453 453
458 454 454
459 455 455
460 456 456
461 -1 -1
462 457 457
463 458 458
464 459 459
465 460 460
466 461 461
467 462 462
468 463 463
469 464 464
470 465 465
471 466 466
472 467 467
473 468 468
474 469 469
475 470 470
476 471 471
477 472 472
478 473 473
479 474 474
480 475 475
481 476 476
482 477 477
483 478 478
484 479 479
485 480 480
486 481 481
487 482 482
488 483 483
489 484 484
490 485 485
491 486 486
492 487 487
493 488 488
494 489 489
495 490 490
496 491 491
497 492 492
498 493 493
499 494 494
500 495 495
501 496 496
502 497 497
503 498 498
504 499 499
505 500 500
506 501 501
507 502 502
508 503 503
509 504 504
510 505 505
511 506 506
512 507 507
513 508 508
514 -1 -1
515 509 509
516 -1 -1
517 510 510
518 511 511
519 512 512
520 513 513
521 514 514
522 515 515
523 516 516
524 -1 -1
525 517 517
526 518 518
527 519 519
528 520 520
529 521 521
530 522 522
531 523 523
532 524 524
533 525 525
534 526 526
535 527 527
536 528 528
537 529 529
538 530 530
539 531 531
540 532 532
541 533 533
542 534 534
543 535 535
544 536 536
545 537 537
546 -1 -1
547 538 538
548 539 539
549 540 540
550 541 541
551 -1 -1
552 542 542
553 543 543
554 544 544
555 545 545
556 546 546
557 547 547
558 548 548
559 549 549
560 550 550
561 551 551
562 552 552
563 553 553
564 554 554
565 555 555
566 556 556
567 557 557
568 558 558
569 -1 -1
570 559 559
571 560 560
572 561 561
573 -1 -1
574 562 562
575 563 563
576 564 564
577 565 565
578 -1 -1
579 566 566
580 567 567
581 568 568
582 569 569
583 570 570
584 571 571
585 -1 -1
586 572 572
587 573 573
588 574 574
589 575 575
590 576 576
591 577 577
592 578 578
593 579 579
594 580 580
595 581 581
596 582 582
597 583 583
598 584 584
599 585 585
600 586 586
601 587 587
602 -1 -1
603 588 588
604 589 589
605 590 590
606 -1 -1
607 591 591
608 592 592
609 593 593
610 594 594
611 595 595
612 596 596
613 597 597
614 598 598
615 599 599
616 600 600
617 601 601
618 602 602
619 -1 -1
620 603 603
621 604 604
622 605 605
623 606 606
624 -1 -1
625 607 607
626 608 608
627 609 609
628 610 610
629 611 611
630 612 612
631 613 613
632 614 614
633 615 615
634 616 616
635 617 617
636 618 618
637 619 619
638 620 620
639 -1 -1
640 621 621
641 622 622
642 -1 -1
643 623 623
644 624 624
645 625 625
646 626 626
647 627 627
648 628 628
649 -1 -1
650 629 629
651 -1 -1
652 630 630
653 631 631
654 -1 -1
655 632 632
656 633 633
657 634 634
658 635 635
659 636 636
660 637 637
661 -1 -1
662 -1 -1
663 -1 -1
664 638 638
665 639 639
666 640 640
667 -1 -1
668 641 641
669 642 642
670 643 643
671 644 644
672 645 645
673 646 646
674 647 647
675 648 648
676 649 649
677 -1 -1
678 -1 -1
679 650 650
680 -1 -1
681 651 651
682 652 652
683 653 653
684 -1 -1
685 654 654
686 -1 -1
687 655 655
688 -1 -1
689 -1 -1
690 -1 -1
691 -1 -1
692 656 656
693 657 657
694 658 658
695 -1 -1
696 659 659
697 -1 -1
698 660 660
699 661 661
700 -1 -1
701 -1 -1
702 -1 -1
703 -1 -1
704 662 662
705 -1 -1
706 -1 -1
707 663 663
708 664 664
709 -1 -1
710 -1 -1
711 665 665
712 666 666
713 667 667
714 668 668
715 669 669
716 670 670
717 -1 -1
718 -1 -1
719 671 671
720 672 672
721 673 673
722 -1 -1
723 -1 -1
724 -1 -1
725 674 674
726 675 675
727 676 676
728 -1 -1
729 677 677
730 678 678
731 -1 -1
732 -1 -1
733 -1 -1
734 -1 -1
735 -1 -1
736 679 679
737 680 680
738 681 681
739 -1 -1
740 682 682
741 683 683
742 -1 -1
743 684 684
744 -1 -1
745 685 685
746 -1 -1
747 -1 -1
748 686 686
749 687 687
750 -1 -1
751 -1 -1
752 -1 -1
753 -1 -1
754 -1 -1
755 688 688
756 -1 -1
757 689 689
758 -1 -1
759 690 690
760 -1 -1
761 -1 -1
762 691 691
763 -1 -1
764 692 692
765 -1 -1
766 693 693
767 694 694
768 -1 -1
769 -1 -1
770 -1 -1
771 695 695
772 -1 -1
773 696 696
774 697 697
775 -1 -1
776 -1 -1
777 -1 -1
778 698 698
779 699 699
780 -1 -1
781 -1 -1
782 700 700
783 701 701
784 702 702
785 703 703
786 704 704
787 705 705
788 706 706
789 707 707
790 -1 -1
791 -1 -1
792 708 708
793 709 709
794 710 710
795 -1 -1
796 -1 -1
797 -1 -1
798 -1 -1
799 -1 -1
800 -1 -1
801 -1 -1
802 -1 -1
803 -1 -1
804 -1 -1
805 -1 -1
806 -1 -1
807 -1 -1
808 711 711
809 712 712
810 -1 -1
811 -1 -1
812 713 713
813 714 714
814 -1 -1
815 715 715
816 -1 -1
817 -1 -1
818 -1 -1
819 -1 -1
820 -1 -1
821 -1 -1
822 -1 -1
823 -1 -1
824 -1 -1
825 716 716
826 -1 -1
827 717 717
828 -1 -1
829 -1 -1
830 718 718
831 -1 -1
832 -1 -1
833 -1 -1
834 -1 -1
835 -1 -1
836 -1 -1
837 -1 -1
838 -1 -1
839 -1 -1
840 -1 -1
841 -1 -1
842 -1 -1
843 -1 -1
844 -1 -1
845 -1 -1
846 719 719
847 -1 -1
848 -1 -1
849 -1 -1
850 -1 -1
851 -1 -1
852 720 720
853 -1 -1
854 -1 -1
855 -1 -1
856 721 721
857 -1 -1
858 -1 -1
859 -1 -1
860 -1 -1
861 722 722
862 -1 -1
863 -1 -1
864 -1 -1
865 -1 -1
866 -1 -1
867 -1 -1
868 -1 -1
869 -1 -1
870 -1 -1
871 -1 -1
872 -1 -1
873 -1 -1
874 -1 -1
875 -1 -1
876 -1 -1
877 -1 -1
878 -1 -1
879 -1 -1
880 -1 -1
881 -1 -1
882 -1 -1
883 -1 -1
884 -1 -1
885 -1 -1
886 -1 -1
887 -1 -1
888 -1 -1
889 -1 -1
890 -1 -1
891 -1 -1
892 -1 -1
893 -1 -1
894 -1 -1
895 -1 -1
896 -1 -1
897 -1 -1
898 -1 -1
899 723 723
900 -1 -1
901 -1 -1
902 -1 -1
903 -1 -1
904 -1 -1
905 -1 -1
906 -1 -1
907 -1 -1
908 -1 -1
909 -1 -1
910 -1 -1
911 -1 -1
912 -1 -1
913 -1 -1
914 -1 -1
915 -1 -1
916 -1 -1
917 -1 -1
918 -1 -1
919 -1 -1
920 -1 -1
921 -1 -1
922 -1 -1
923 -1 -1
924 -1 -1
925 -1 -1
926 -1 -1
927 -1 -1
928 -1 -1
929 -1 -1
930 -1 -1
931 -1 -1
932 -1 -1
933 -1 -1
934 -1 -1
935 -1 -1
936 -1 -1
937 -1 -1
938 -1 -1
939 -1 -1
940 -1 -1
941 -1 -1
942 -1 -1
943 -1 -1
944 -1 -1
945 -1 -1
946 -1 -1
947 -1 -1
948 -1 -1
949 -1 -1
950 -1 -1
951 -1 -1
952 -1 -1
953 -1 -1
954 -1 -1
955 -1 -1
956 -1 -1
957 -1 -1
958 -1 -1
959 -1 -1
960 -1 -1
961 -1 -1
962 -1 -1
963 -1 -1
964 -1 -1
965 -1 -1
966 -1 -1
967 -1 -1
968 -1 -1
969 -1 -1
970 -1 -1
971 -1 -1
972 -1 -1
973 -1 -1
974 -1 -1
975 -1 -1
976 -1 -1
977 -1 -1
978 -1 -1
979 -1 -1
980 -1 -1
981 -1 -1
982 -1 -1
983 -1 -1
984 -1 -1
985 -1 -1
986 -1 -1
987 -1 -1
988 -1 -1
989 -1 -1
990 -1 -1
991 -1 -1
992 -1 -1
993 -1 -1
994 -1 -1
995 -1 -1
996 -1 -1
997 -1 -1
998 -1 -1
999 -1 -1
1000 -1 -1
1001 -1 -1
1002 -1 -1
1003 -1 -1
1004 -1 -1
1005 -1 -1
1006 -1 -1
1007 -1 -1
1008 -1 -1
1009 -1 -1
1010 -1 -1
1011 -1 -1
1012 -1 -1
1013 -1 -1
1014 -1 -1
1015 -1 -1
1016 -1 -1
1017 -1 -1
1018 -1 -1
1019 -1 -1
1020 -1 -1
1021 -1 -1
1022 -1 -1
1023 -1 -1
1024 -1 -1
1025 -1 -1
1026 -1 -1
1027 -1 -1
1028 -1 -1
1029 -1 -1
1030 -1 -1
1031 -1 -1
1032 -1 -1
1033 -1 -1
1034 -1 -1
1035 -1 -1
1036 -1 -1
